KBUF,KELM,KSCH,KN03,KJFK,KHPN,KGTB,KPBG,KDSV,KRME,KSLK,KGFL,K6B9,KALB,KSWF,KOGS,KSYR,KISP,KMSV,KMGJ,KELZ,KFRG,KART,KMSS,KLGA,KDKK,KJHW,KOLE,KJRB,KFOK,KHWV,KROC,KMTP,KFZY,KITH,KHTO,KPOU,KBGM,KIAG,KPEO,KNYC
0.0,173.0,391.0,209.0,485.0,465.0,271.0,463.0,93.0,272.0,398.0,418.0,186.0,403.0,414.0,326.0,214.0,524.0,351.0,401.0,111.0,504.0,248.0,382.0,468.0,66.0,98.0,84.0,464.0,557.0,539.0,88.0,599.0,195.0,192.0,579.0,425.0,239.0,24.0,141.0,462.0
173.0,0.0,255.0,74.0,311.0,292.0,231.0,392.0,80.0,171.0,331.0,299.0,92.0,263.0,243.0,303.0,124.0,351.0,181.0,230.0,89.0,330.0,216.0,350.0,294.0,198.0,194.0,120.0,290.0,385.0,367.0,124.0,431.0,139.0,52.0,409.0,256.0,76.0,197.0,55.0,288.0
391.0,255.0,0.0,188.0,246.0,199.0,197.0,203.0,310.0,126.0,172.0,60.0,204.0,15.0,150.0,238.0,178.0,238.0,146.0,151.0,342.0,239.0,211.0,243.0,230.0,438.0,444.0,369.0,239.0,247.0,242.0,306.0,258.0,206.0,210.0,252.0,136.0,182.0,408.0,255.0,229.0
209.0,74.0,188.0,0.0,297.0,268.0,166.0,318.0,122.0,97.0,257.0,227.0,40.0,198.0,212.0,240.0,58.0,326.0,153.0,201.0,155.0,311.0,156.0,282.0,279.0,251.0,255.0,181.0,279.0,355.0,340.0,132.0,393.0,85.0,22.0,375.0,220.0,46.0,229.0,68.0,274.0
485.0,311.0,246.0,297.0,0.0,47.0,412.0,446.0,392.0,318.0,419.0,300.0,336.0,234.0,99.0,470.0,336.0,58.0,146.0,105.0,388.0,31.0,416.0,485.0,18.0,502.0,488.0,422.0,21.0,99.0,78.0,425.0,162.0,371.0,304.0,132.0,110.0,254.0,508.0,352.0,23.0
465.0,292.0,199.0,268.0,47.0,0.0,371.0,399.0,372.0,279.0,372.0,253.0,305.0,187.0,58.0,427.0,301.0,58.0,115.0,68.0,374.0,43.0,377.0,440.0,34.0,488.0,478.0,408.0,47.0,94.0,75.0,399.0,149.0,337.0,278.0,122.0,64.0,228.0,488.0,328.0,38.0
271.0,231.0,197.0,166.0,412.0,371.0,0.0,192.0,229.0,94.0,127.0,188.0,138.0,213.0,313.0,73.0,108.0,421.0,272.0,306.0,283.0,414.0,23.0,121.0,394.0,335.0,356.0,294.0,398.0,438.0,429.0,187.0,454.0,93.0,183.0,446.0,308.0,205.0,278.0,189.0,391.0
463.0,392.0,203.0,318.0,446.0,399.0,192.0,0.0,412.0,220.0,64.0,146.0,307.0,213.0,354.0,158.0,272.0,429.0,345.0,355.0,461.0,435.0,216.0,113.0,431.0,525.0,544.0,478.0,441.0,428.0,428.0,378.0,417.0,274.0,340.0,422.0,337.0,339.0,470.0,364.0,432.0
93.0,80.0,310.0,122.0,392.0,372.0,229.0,412.0,0.0,202.0,348.0,344.0,110.0,320.0,321.0,296.0,144.0,431.0,259.0,308.0,55.0,411.0,209.0,349.0,375.0,128.0,135.0,65.0,371.0,464.0,446.0,60.0,507.0,138.0,103.0,487.0,333.0,147.0,116.0,55.0,369.0
272.0,171.0,126.0,97.0,318.0,279.0,94.0,220.0,202.0,0.0,160.0,145.0,91.0,141.0,220.0,161.0,58.0,331.0,177.0,213.0,245.0,322.0,98.0,194.0,300.0,326.0,338.0,266.0,304.0,350.0,340.0,185.0,374.0,81.0,119.0,362.0,217.0,123.0,287.0,149.0,297.0
398.0,331.0,172.0,257.0,419.0,372.0,127.0,64.0,348.0,160.0,0.0,126.0,243.0,185.0,321.0,105.0,209.0,410.0,303.0,320.0,398.0,412.0,151.0,78.0,402.0,460.0,479.0,413.0,410.0,414.0,411.0,313.0,413.0,210.0,279.0,413.0,308.0,282.0,406.0,300.0,401.0
418.0,299.0,60.0,227.0,300.0,253.0,188.0,146.0,344.0,145.0,126.0,0.0,234.0,67.0,208.0,210.0,203.0,286.0,206.0,210.0,382.0,290.0,207.0,202.0,285.0,470.0,480.0,407.0,295.0,288.0,286.0,330.0,288.0,224.0,250.0,287.0,192.0,230.0,432.0,290.0,286.0
186.0,92.0,204.0,40.0,336.0,305.0,138.0,307.0,110.0,91.0,243.0,234.0,0.0,216.0,248.0,211.0,34.0,363.0,190.0,237.0,155.0,348.0,124.0,258.0,318.0,236.0,246.0,174.0,318.0,390.0,376.0,103.0,425.0,48.0,47.0,409.0,254.0,87.0,204.0,58.0,313.0
403.0,263.0,15.0,198.0,234.0,187.0,213.0,213.0,320.0,141.0,185.0,67.0,216.0,0.0,140.0,253.0,191.0,224.0,142.0,142.0,350.0,226.0,226.0,257.0,219.0,449.0,453.0,378.0,228.0,232.0,227.0,318.0,242.0,220.0,219.0,236.0,124.0,188.0,420.0,265.0,218.0
414.0,243.0,150.0,212.0,99.0,58.0,313.0,354.0,321.0,220.0,321.0,208.0,248.0,140.0,0.0,370.0,243.0,114.0,62.0,13.0,329.0,102.0,318.0,386.0,82.0,441.0,434.0,362.0,89.0,143.0,127.0,344.0,188.0,278.0,223.0,165.0,22.0,174.0,436.0,274.0,80.0
326.0,303.0,238.0,240.0,470.0,427.0,73.0,158.0,296.0,161.0,105.0,210.0,211.0,253.0,370.0,0.0,182.0,473.0,336.0,366.0,351.0,469.0,88.0,56.0,452.0,391.0,416.0,359.0,458.0,485.0,478.0,248.0,494.0,165.0,256.0,489.0,363.0,278.0,328.0,260.0,450.0
214.0,124.0,178.0,58.0,336.0,301.0,108.0,272.0,144.0,58.0,209.0,203.0,34.0,191.0,243.0,182.0,0.0,357.0,189.0,233.0,190.0,345.0,98.0,226.0,317.0,267.0,279.0,209.0,319.0,382.0,369.0,127.0,412.0,35.0,74.0,397.0,245.0,100.0,230.0,92.0,313.0
524.0,351.0,238.0,326.0,58.0,58.0,421.0,429.0,431.0,331.0,410.0,286.0,363.0,224.0,114.0,473.0,357.0,0.0,174.0,125.0,432.0,27.0,428.0,482.0,65.0,546.0,535.0,466.0,77.0,41.0,19.0,458.0,103.0,393.0,336.0,73.0,113.0,286.0,546.0,386.0,72.0
351.0,181.0,146.0,153.0,146.0,115.0,272.0,345.0,259.0,177.0,303.0,206.0,190.0,142.0,62.0,336.0,189.0,174.0,0.0,49.0,267.0,157.0,273.0,359.0,128.0,379.0,372.0,300.0,129.0,205.0,188.0,283.0,249.0,225.0,162.0,228.0,76.0,112.0,374.0,213.0,123.0
401.0,230.0,151.0,201.0,105.0,68.0,306.0,355.0,308.0,213.0,320.0,210.0,237.0,142.0,13.0,366.0,233.0,125.0,49.0,0.0,315.0,111.0,311.0,384.0,87.0,428.0,420.0,349.0,92.0,156.0,139.0,332.0,201.0,268.0,211.0,179.0,34.0,162.0,423.0,262.0,84.0
111.0,89.0,342.0,155.0,388.0,374.0,283.0,461.0,55.0,245.0,398.0,382.0,155.0,350.0,329.0,351.0,190.0,432.0,267.0,315.0,0.0,410.0,263.0,403.0,372.0,114.0,105.0,34.0,366.0,468.0,449.0,115.0,517.0,190.0,132.0,493.0,343.0,165.0,135.0,97.0,365.0
504.0,330.0,239.0,311.0,31.0,43.0,414.0,435.0,411.0,322.0,412.0,290.0,348.0,226.0,102.0,469.0,345.0,27.0,157.0,111.0,410.0,0.0,420.0,481.0,39.0,524.0,512.0,444.0,50.0,68.0,47.0,440.0,131.0,380.0,319.0,101.0,106.0,269.0,527.0,368.0,46.0
248.0,216.0,211.0,156.0,416.0,377.0,23.0,216.0,209.0,98.0,151.0,207.0,124.0,226.0,318.0,88.0,98.0,428.0,273.0,311.0,263.0,420.0,0.0,140.0,398.0,311.0,333.0,272.0,401.0,447.0,437.0,165.0,467.0,77.0,170.0,457.0,315.0,198.0,254.0,171.0,394.0
382.0,350.0,243.0,282.0,485.0,440.0,121.0,113.0,349.0,194.0,78.0,202.0,258.0,257.0,386.0,56.0,226.0,482.0,359.0,384.0,403.0,481.0,140.0,0.0,468.0,447.0,472.0,413.0,475.0,489.0,485.0,303.0,490.0,215.0,301.0,490.0,376.0,316.0,385.0,310.0,467.0
468.0,294.0,230.0,279.0,18.0,34.0,394.0,431.0,375.0,300.0,402.0,285.0,318.0,219.0,82.0,452.0,317.0,65.0,128.0,87.0,372.0,39.0,398.0,468.0,0.0,487.0,474.0,407.0,13.0,106.0,85.0,407.0,167.0,353.0,286.0,138.0,94.0,236.0,492.0,334.0,7.0
66.0,198.0,438.0,251.0,502.0,488.0,335.0,525.0,128.0,326.0,460.0,470.0,236.0,449.0,441.0,391.0,267.0,546.0,379.0,428.0,114.0,524.0,311.0,447.0,487.0,0.0,38.0,80.0,481.0,582.0,563.0,147.0,629.0,253.0,231.0,607.0,455.0,272.0,73.0,183.0,480.0
98.0,194.0,444.0,255.0,488.0,478.0,356.0,544.0,135.0,338.0,479.0,480.0,246.0,453.0,434.0,416.0,279.0,535.0,372.0,420.0,105.0,512.0,333.0,472.0,474.0,38.0,0.0,74.0,467.0,572.0,553.0,168.0,622.0,270.0,234.0,598.0,449.0,270.0,109.0,190.0,467.0
84.0,120.0,369.0,181.0,422.0,408.0,294.0,478.0,65.0,266.0,413.0,407.0,174.0,378.0,362.0,359.0,209.0,466.0,300.0,349.0,34.0,444.0,272.0,413.0,407.0,80.0,74.0,0.0,401.0,502.0,483.0,113.0,550.0,203.0,159.0,527.0,376.0,196.0,107.0,117.0,400.0
464.0,290.0,239.0,279.0,21.0,47.0,398.0,441.0,371.0,304.0,410.0,295.0,318.0,228.0,89.0,458.0,319.0,77.0,129.0,92.0,366.0,50.0,401.0,475.0,13.0,481.0,467.0,401.0,0.0,118.0,96.0,405.0,180.0,354.0,284.0,150.0,103.0,234.0,487.0,332.0,9.0
557.0,385.0,247.0,355.0,99.0,94.0,438.0,428.0,464.0,350.0,414.0,288.0,390.0,232.0,143.0,485.0,382.0,41.0,205.0,156.0,468.0,68.0,447.0,489.0,106.0,582.0,572.0,502.0,118.0,0.0,21.0,488.0,63.0,417.0,367.0,33.0,136.0,318.0,579.0,418.0,113.0
539.0,367.0,242.0,340.0,78.0,75.0,429.0,428.0,446.0,340.0,411.0,286.0,376.0,227.0,127.0,478.0,369.0,19.0,188.0,139.0,449.0,47.0,437.0,485.0,85.0,563.0,553.0,483.0,96.0,21.0,0.0,472.0,84.0,404.0,351.0,54.0,123.0,301.0,562.0,401.0,92.0
88.0,124.0,306.0,132.0,425.0,399.0,187.0,378.0,60.0,185.0,313.0,330.0,103.0,318.0,344.0,248.0,127.0,458.0,283.0,332.0,115.0,440.0,165.0,303.0,407.0,147.0,168.0,113.0,405.0,488.0,472.0,0.0,526.0,107.0,121.0,508.0,352.0,171.0,102.0,73.0,401.0
599.0,431.0,258.0,393.0,162.0,149.0,454.0,417.0,507.0,374.0,413.0,288.0,425.0,242.0,188.0,494.0,412.0,103.0,249.0,201.0,517.0,131.0,467.0,490.0,167.0,629.0,622.0,550.0,180.0,63.0,84.0,526.0,0.0,446.0,407.0,30.0,174.0,360.0,621.0,459.0,174.0
195.0,139.0,206.0,85.0,371.0,337.0,93.0,274.0,138.0,81.0,210.0,224.0,48.0,220.0,278.0,165.0,35.0,393.0,225.0,268.0,190.0,380.0,77.0,215.0,353.0,253.0,270.0,203.0,354.0,417.0,404.0,107.0,446.0,0.0,95.0,432.0,280.0,131.0,208.0,95.0,348.0
192.0,52.0,210.0,22.0,304.0,278.0,183.0,340.0,103.0,119.0,279.0,250.0,47.0,219.0,223.0,256.0,74.0,336.0,162.0,211.0,132.0,319.0,170.0,301.0,286.0,231.0,234.0,159.0,284.0,367.0,351.0,121.0,407.0,95.0,0.0,388.0,233.0,50.0,213.0,51.0,280.0
579.0,409.0,252.0,375.0,132.0,122.0,446.0,422.0,487.0,362.0,413.0,287.0,409.0,236.0,165.0,489.0,397.0,73.0,228.0,179.0,493.0,101.0,457.0,490.0,138.0,607.0,598.0,527.0,150.0,33.0,54.0,508.0,30.0,432.0,388.0,0.0,155.0,339.0,601.0,439.0,145.0
425.0,256.0,136.0,220.0,110.0,64.0,308.0,337.0,333.0,217.0,308.0,192.0,254.0,124.0,22.0,363.0,245.0,113.0,76.0,34.0,343.0,106.0,315.0,376.0,94.0,455.0,449.0,376.0,103.0,136.0,123.0,352.0,174.0,280.0,233.0,155.0,0.0,185.0,446.0,284.0,94.0
239.0,76.0,182.0,46.0,254.0,228.0,205.0,339.0,147.0,123.0,282.0,230.0,87.0,188.0,174.0,278.0,100.0,286.0,112.0,162.0,165.0,269.0,198.0,316.0,236.0,272.0,270.0,196.0,234.0,318.0,301.0,171.0,360.0,131.0,50.0,339.0,185.0,0.0,261.0,100.0,230.0
24.0,197.0,408.0,229.0,508.0,488.0,278.0,470.0,116.0,287.0,406.0,432.0,204.0,420.0,436.0,328.0,230.0,546.0,374.0,423.0,135.0,527.0,254.0,385.0,492.0,73.0,109.0,107.0,487.0,579.0,562.0,102.0,621.0,208.0,213.0,601.0,446.0,261.0,0.0,162.0,485.0
141.0,55.0,255.0,68.0,352.0,328.0,189.0,364.0,55.0,149.0,300.0,290.0,58.0,265.0,274.0,260.0,92.0,386.0,213.0,262.0,97.0,368.0,171.0,310.0,334.0,183.0,190.0,117.0,332.0,418.0,401.0,73.0,459.0,95.0,51.0,439.0,284.0,100.0,162.0,0.0,329.0
462.0,288.0,229.0,274.0,23.0,38.0,391.0,432.0,369.0,297.0,401.0,286.0,313.0,218.0,80.0,450.0,313.0,72.0,123.0,84.0,365.0,46.0,394.0,467.0,7.0,480.0,467.0,400.0,9.0,113.0,92.0,401.0,174.0,348.0,280.0,145.0,94.0,230.0,485.0,329.0,0.0
